ToyModel/Test_CTEL-GIS/includes/DEM_CTEL_20x20_MTM.asc
ncols        266
nrows        285
xllcorner    225536.061610463337
yllcorner    5098987.251316972077
cellsize     20
NODATA_value  32767
[rows 126 to 167 of 285, columns 94 to 187 of 266]
406 406 404 404 399 391 390 395 393 392 397 397 401 401 401 403 413 415 418 421 426 428 428 427 427 428 428 431 425 420 421 428 424 418 423 423 413 408 410 410 405 403 402 397 394 389 390 390 391 392 394 395 395 396 399 402 403 403 403 403 405 404 405 398 398 399 402 400 397 397 394 390 386 386 381 381 381 381 376 370 370 364 359 355 353 353 353 356 361 362 362 362 363 362
407 407 409 409 407 402 395 400 402 402 403 404 408 408 408 409 418 421 426 433 433 433 433 435 435 436 436 440 442 440 438 434 432 429 433 425 425 419 420 420 416 417 414 410 405 401 407 390 391 392 394 395 395 396 399 402 403 403 403 403 405 404 405 405 405 408 405 404 400 400 395 391 388 383 381 381 380 380 376 372 372 367 362 359 355 356 362 362 366 365 365 368 368 367
407 407 409 409 407 402 395 400 402 402 403 404 408 408 408 409 418 421 426 433 433 433 433 435 435 436 436 440 442 440 438 434 432 429 433 425 425 419 420 420 416 417 414 410 405 401 407 390 391 392 394 395 395 396 399 402 403 403 403 403 405 404 405 405 405 408 405 404 400 400 395 391 388 383 381 381 380 380 376 372 372 367 362 359 355 356 362 362 366 365 365 368 368 367
408 408 416 416 415 414 405 412 409 406 408 409 414 414 414 417 422 431 439 443 443 443 443 442 442 442 442 444 445 447 445 434 432 429 433 425 425 419 420 420 416 417 414 410 405 401 407 407 400 400 402 402 402 404 407 410 407 410 410 411 412 411 410 412 412 414 412 408 403 403 399 394 389 382 379 378 376 376 373 375 372 372 366 362 359 362 367 368 373 377 377 374 374 369
417 417 418 418 422 422 420 419 416 415 415 421 423 423 423 417 422 431 439 443 443 443 443 442 442 442 442 444 445 447 445 442 448 446 443 436 436 431 428 428 426 422 417 415 413 413 411 411 408 403 405 408 408 411 411 413 415 419 419 417 419 419 419 420 420 418 409 408 404 397 397 393 385 381 378 377 374 374 376 375 371 371 372 368 366 368 369 370 373 374 374 373 373 369
417 417 418 418 422 422 420 419 416 415 415 421 423 423 423 417 422 431 439 443 443 443 443 442 442 442 442 444 445 447 445 442 448 446 443 436 436 431 428 428 426 422 417 415 413 413 411 411 408 403 405 408 408 411 411 413 415 419 419 417 419 419 419 420 420 418 409 408 404 397 397 393 385 381 378 377 374 374 376 375 371 371 372 368 366 368 369 370 373 374 374 373 373 369
417 417 418 418 422 422 420 419 416 415 415 421 423 427 427 427 435 443 447 452 452 454 456 455 455 455 455 459 460 462 465 468 463 466 466 459 459 453 449 449 444 441 435 429 425 422 418 418 413 411 412 414 414 415 416 418 419 420 420 423 424 427 426 422 422 419 408 403 400 395 395 394 387 381 377 376 372 372 373 368 368 368 373 373 370 369 365 365 367 368 368 365 365 367
429 429 431 433 433 432 431 435 433 432 430 432 434 441 441 441 451 455 459 460 461 462 462 463 468 468 468 474 477 476 476 477 476 475 470 467 467 466 465 465 463 460 454 445 436 430 424 424 422 421 420 417 417 417 417 421 423 420 427 427 426 425 422 417 417 412 406 400 395 390 390 384 379 375 374 373 367 367 366 366 369 369 371 373 369 366 361 359 359 361 361 358 358 361
429 429 431 433 433 432 431 435 433 432 430 432 434 441 441 441 451 455 459 460 461 462 462 463 468 468 468 474 477 476 476 477 476 475 470 467 467 466 465 465 463 460 454 445 436 430 424 424 422 421 420 417 417 417 417 421 423 420 427 427 426 425 422 417 417 412 406 400 395 390 390 384 379 375 374 373 367 367 366 366 369 369 371 373 369 366 361 359 359 361 361 358 358 361
434 434 435 437 437 438 439 446 448 450 451 457 456 460 460 460 465 467 468 469 467 468 471 468 469 469 469 474 477 481 485 488 488 487 485 474 474 471 469 469 466 462 459 453 445 441 435 432 432 429 424 419 419 418 417 419 421 425 425 425 422 417 414 408 408 404 396 387 383 382 382 379 378 376 375 371 365 365 365 367 368 368 370 372 364 360 358 357 357 358 358 359 359 361
448 448 448 446 446 445 450 445 446 459 464 469 469 471 471 471 468 468 469 471 471 475 477 481 483 483 483 483 487 491 493 495 497 496 495 488 484 484 480 480 477 472 469 465 460 454 442 437 437 434 427 422 422 417 417 414 416 418 418 418 415 411 407 402 402 396 384 381 380 376 376 377 380 379 375 376 366 366 365 366 368 368 371 367 359 356 355 357 360 362 362 359 361 361
448 448 448 446 446 445 450 445 446 459 464 469 469 471 471 471 468 468 469 471 471 475 477 481 483 483 483 483 487 491 493 495 497 496 495 488 484 484 480 480 477 472 469 465 460 454 442 437 437 434 427 422 422 417 417 414 416 418 418 418 415 411 407 402 402 396 384 381 380 376 376 377 380 379 375 376 366 366 365 366 368 368 371 367 359 356 355 357 360 362 362 359 361 361
461 461 464 466 466 464 469 473 472 473 475 482 484 484 484 484 488 494 495 493 491 490 487 486 487 487 487 485 485 483 485 483 482 482 484 489 492 492 495 495 494 490 485 481 476 470 457 454 454 441 433 425 425 421 420 418 407 402 397 397 393 390 384 375 375 371 363 360 360 361 361 362 360 364 375 376 366 366 365 366 368 371 371 367 359 356 355 357 360 362 362 363 363 363
462 462 464 467 467 473 476 477 476 477 482 484 486 491 491 491 497 499 495 494 489 486 487 483 483 483 483 483 485 484 483 481 479 481 478 481 484 484 485 485 486 485 484 480 477 473 463 457 457 449 439 436 436 428 424 421 405 402 397 397 393 390 384 375 375 371 363 360 360 361 361 362 360 364 367 367 365 365 363 364 365 366 366 368 367 359 349 349 351 360 360 364 366 366
462 462 464 467 467 473 476 477 476 477 482 484 486 491 491 491 497 499 495 494 489 486 487 483 483 483 483 483 485 484 483 481 479 481 478 481 484 484 485 485 486 485 484 480 477 473 463 457 457 449 439 436 436 428 424 421 405 402 397 397 393 390 384 375 375 371 363 360 360 361 361 362 360 364 367 367 365 365 363 364 365 366 366 368 367 359 349 349 351 360 360 364 366 366
470 470 474 477 477 484 489 492 493 494 495 499 502 506 506 502 502 497 494 492 490 486 482 479 477 480 480 480 481 483 483 481 479 476 473 476 478 478 481 481 481 485 484 480 477 473 463 457 457 449 439 436 436 428 424 421 405 398 391 391 390 382 375 365 365 362 357 355 355 354 355 355 355 355 362 364 363 363 364 359 361 364 364 367 363 363 349 349 350 357 357 354 361 361
470 470 474 477 477 484 489 492 493 494 495 499 502 506 506 502 502 497 494 492 490 486 482 479 477 480 480 480 481 483 483 481 479 476 473 476 478 478 481 481 481 485 484 480 477 473 463 457 457 449 439 436 436 428 424 421 405 398 391 391 390 382 375 365 365 362 357 355 355 354 355 355 355 355 362 364 363 363 364 359 361 364 364 367 363 363 349 349 350 357 357 354 361 361
489 489 488 492 494 494 500 505 510 510 510 511 513 516 516 506 506 500 493 490 489 486 479 476 477 480 480 480 481 483 483 481 479 476 473 476 478 478 481 481 481 481 480 479 474 469 463 459 459 455 437 433 433 428 425 415 400 393 389 382 382 380 374 364 364 360 357 354 352 354 354 354 357 355 357 358 358 358 357 363 361 367 367 367 357 365 356 351 351 355 355 353 357 357
509 509 508 506 500 500 508 513 510 510 510 511 513 516 516 506 506 500 493 490 489 486 479 476 477 479 479 479 479 477 475 473 471 471 467 469 471 471 471 471 473 470 470 467 466 464 461 454 455 455 441 435 435 427 418 410 392 384 379 378 378 371 371 365 365 363 357 356 358 359 359 359 360 360 358 358 361 361 359 358 356 359 359 361 358 351 363 354 353 350 350 352 353 353
509 509 508 506 500 500 508 513 510 510 510 511 513 516 516 506 506 500 493 490 489 486 479 476 477 479 479 479 479 477 475 473 471 471 467 469 471 471 471 471 473 470 470 467 466 464 461 454 455 455 441 435 435 427 418 410 392 384 379 378 378 371 371 365 365 363 357 356 358 359 359 359 360 360 358 358 361 361 359 358 356 359 359 361 358 351 363 354 353 350 350 352 353 353
509 509 508 506 500 500 508 513 519 517 516 516 517 515 515 503 503 496 491 487 482 478 472 472 469 466 466 466 465 464 464 465 464 463 464 460 464 464 465 465 464 461 460 460 462 458 455 454 447 447 438 431 431 422 411 400 383 376 375 370 370 365 362 361 361 358 359 359 360 360 357 357 358 358 356 359 359 359 357 349 348 355 355 353 359 355 358 362 360 353 353 352 352 357
518 518 517 515 512 512 513 518 519 518 518 516 514 511 511 497 497 490 483 478 471 466 464 461 457 453 453 453 455 456 455 455 457 456 455 453 453 454 454 454 455 457 458 457 455 453 444 440 435 435 429 418 418 416 404 388 376 371 371 369 369 367 356 358 358 357 358 362 360 360 355 355 357 361 358 353 355 355 352 348 341 341 341 338 347 353 356 359 361 358 358 355 357 359
518 518 517 515 512 512 513 518 519 518 518 516 514 511 511 497 497 490 483 478 471 466 464 461 457 453 453 453 455 456 455 455 457 456 455 453 453 454 454 454 455 457 458 457 455 453 444 440 435 435 429 418 418 416 404 388 376 371 371 369 369 367 356 358 358 357 358 362 360 360 355 355 357 361 358 353 355 355 352 348 341 341 341 338 347 353 356 359 361 358 358 355 357 359
522 522 522 520 518 518 516 516 515 511 509 509 505 500 500 487 487 479 472 465 461 459 457 454 451 449 449 450 450 449 451 451 448 444 442 437 441 444 444 444 448 450 452 453 452 451 433 427 424 424 418 410 410 398 387 379 372 370 373 370 370 367 359 352 352 356 364 365 366 365 366 366 364 362 357 351 353 353 351 347 337 335 334 334 343 352 357 357 353 354 354 355 354 352
530 530 529 527 525 525 521 522 521 518 514 509 503 496 496 484 479 479 473 469 466 463 459 454 451 447 447 444 444 440 440 438 435 433 428 424 424 429 429 429 439 442 443 447 446 439 429 422 416 416 407 394 394 381 376 371 368 368 365 365 365 364 354 350 350 356 366 367 367 367 368 363 363 362 359 355 353 353 353 349 341 334 339 339 343 352 357 357 353 354 354 355 354 352
530 530 529 527 525 525 521 522 521 518 514 509 503 496 496 484 479 479 473 469 466 463 459 454 451 447 447 444 444 440 440 438 435 433 428 424 424 429 429 429 439 442 443 447 446 439 429 422 416 416 407 394 394 381 376 371 368 368 365 365 365 364 354 350 350 356 366 367 367 367 368 363 363 362 359 355 353 353 353 349 341 334 339 339 343 352 357 357 353 354 354 355 354 352
548 548 547 544 541 542 542 545 545 544 537 529 520 514 514 503 500 500 496 491 484 474 466 449 443 427 427 423 423 420 418 420 420 421 422 418 418 418 418 418 427 432 440 439 437 430 418 411 400 400 386 376 376 372 369 368 366 365 365 364 367 367 365 362 362 362 364 366 367 367 368 363 363 362 359 355 353 353 353 349 341 334 339 339 338 344 348 356 353 357 357 353 354 353
556 556 558 559 557 551 551 550 549 550 545 541 528 515 515 506 503 503 497 491 484 474 462 449 435 428 428 420 420 417 417 416 415 416 417 417 416 418 418 418 418 420 422 424 421 418 413 406 394 384 384 376 376 372 369 368 366 365 365 364 367 367 365 362 362 362 364 366 368 369 369 365 365 360 353 349 352 352 348 346 342 343 345 345 341 338 345 348 345 349 349 351 355 358
556 556 558 559 557 551 551 550 549 550 545 541 528 515 515 506 503 503 497 491 484 474 462 449 435 428 428 420 420 417 417 416 415 416 417 417 416 418 418 418 418 420 422 424 421 418 413 406 394 384 384 376 376 372 369 368 366 365 365 364 367 367 365 362 362 362 364 366 368 369 369 365 365 360 353 349 352 352 348 346 342 343 345 345 341 338 345 348 345 349 349 351 355 358
558 558 564 567 570 566 566 562 560 554 554 547 539 532 532 516 511 511 502 491 483 473 464 452 441 429 429 421 421 414 411 411 410 411 413 417 416 418 418 418 418 420 422 424 421 418 413 406 394 384 384 378 378 372 369 370 368 368 368 369 368 368 368 366 366 365 365 367 371 372 371 371 371 367 347 344 347 347 349 357 350 346 345 345 344 345 344 345 350 348 348 354 357 359
565 565 568 572 572 573 573 571 565 560 551 549 543 536 536 528 512 512 506 491 483 473 464 452 441 429 429 421 421 414 411 411 410 411 413 419 419 420 418 418 418 417 417 417 414 413 406 399 394 384 384 374 374 369 368 369 370 372 373 372 370 370 372 369 369 370 374 375 377 381 379 381 381 377 373 354 363 363 365 364 356 344 344 344 343 352 350 351 352 354 354 356 358 361
565 565 568 572 572 573 573 571 565 560 551 549 543 536 536 528 512 512 506 491 483 473 464 452 441 429 429 421 421 414 411 411 410 411 413 419 419 420 418 418 418 417 417 417 414 413 406 399 394 384 384 374 374 369 368 369 370 372 373 372 370 370 372 369 369 370 374 375 377 381 379 381 381 377 373 354 363 363 365 364 356 344 344 344 343 352 350 351 352 354 354 356 358 361
563 563 570 572 572 573 573 571 565 560 551 549 543 536 536 528 512 512 506 495 482 471 461 452 445 436 436 425 417 417 414 410 409 410 412 417 420 419 418 418 418 417 414 412 411 416 404 395 386 380 380 374 374 370 368 367 374 377 379 379 376 376 376 378 378 382 387 387 390 392 388 389 389 383 377 357 361 361 364 363 366 361 346 346 346 348 352 356 356 355 355 355 361 365
563 563 570 572 577 572 572 569 567 560 555 549 538 532 532 518 508 494 494 484 474 468 459 453 447 439 439 432 422 422 417 414 413 413 413 417 421 422 420 420 420 418 414 411 408 414 394 386 378 376 376 372 372 369 366 365 377 380 381 380 379 379 378 382 382 384 393 396 394 393 391 388 388 388 382 365 358 358 358 360 358 359 357 357 357 352 352 357 360 365 365 364 366 370
563 563 570 572 577 572 572 569 567 560 555 549 538 532 532 518 508 494 494 484 474 468 459 453 447 439 439 432 422 422 417 414 413 413 413 417 421 422 420 420 420 418 414 411 408 414 394 386 378 376 376 372 372 369 366 365 377 380 381 380 379 379 378 382 382 384 393 396 394 393 391 388 388 388 382 365 358 358 358 360 358 359 357 357 357 352 352 357 360 365 365 364 366 370
564 564 566 571 571 564 560 560 554 550 545 537 534 528 528 509 493 482 482 473 467 464 459 454 451 442 442 435 422 422 416 415 414 413 414 416 417 417 416 416 416 414 411 407 407 402 382 378 373 369 369 369 369 363 362 363 373 380 383 383 383 378 378 380 380 387 395 394 396 394 391 390 387 387 382 371 362 362 363 363 360 358 358 352 352 352 357 353 363 371 371 370 373 377
562 562 568 567 565 555 549 549 545 542 539 536 526 518 518 494 479 469 469 462 460 456 455 455 454 441 441 431 418 418 414 413 413 413 412 411 413 413 412 412 412 409 407 407 401 390 375 370 363 362 362 361 361 362 360 363 374 380 383 386 387 382 382 385 385 388 392 392 392 390 389 387 382 382 377 373 368 368 365 367 365 363 361 360 360 358 358 359 360 363 363 364 370 371
562 562 568 567 565 555 549 549 545 542 539 536 526 518 518 494 479 469 469 462 460 456 455 455 454 441 441 431 418 418 414 413 413 413 412 411 413 413 412 412 412 409 407 407 401 390 375 370 363 362 362 361 361 362 360 363 374 380 383 386 387 382 382 385 385 388 392 392 392 390 389 387 382 382 377 373 368 368 365 367 365 363 361 360 360 358 358 359 360 363 363 364 370 371
561 561 563 560 557 546 538 538 536 535 530 525 516 508 508 484 469 458 458 451 449 450 451 453 451 438 438 427 421 421 419 415 413 412 410 406 404 406 405 405 405 404 402 398 393 386 374 370 366 365 365 365 365 363 362 365 373 376 382 383 385 388 388 391 391 393 391 392 390 388 384 383 379 379 381 380 379 379 374 367 365 363 361 360 360 358 358 359 360 363 363 364 370 371
540 540 538 536 534 524 521 521 518 514 511 508 504 498 498 470 447 439 439 432 434 436 441 444 445 433 433 425 419 419 418 418 417 414 410 406 402 399 394 394 388 388 387 387 383 380 379 383 378 375 375 375 375 377 378 376 379 380 382 386 389 390 388 391 391 393 391 392 390 388 384 383 379 379 381 380 379 379 374 369 369 369 368 364 364 362 358 359 360 357 357 362 367 372
540 540 538 536 534 524 521 521 518 514 511 508 504 498 498 470 447 439 439 432 434 436 441 444 445 433 433 425 419 419 418 418 417 414 410 406 402 399 394 394 388 388 387 387 383 380 379 383 378 375 375 375 375 377 378 376 379 380 382 386 389 390 388 391 391 393 391 392 390 388 384 383 379 379 381 380 379 379 374 369 369 369 368 364 364 362 358 359 360 357 357 362 367 372
530 530 527 523 519 514 512 512 508 505 503 498 494 486 486 455 441 434 434 433 435 438 441 447 444 434 434 426 420 418 418 419 417 414 411 403 402 404 397 397 391 391 386 387 383 381 379 383 378 375 375 375 375 377 378 376 379 380 382 386 389 390 390 390 390 389 386 385 383 385 383 382 385 385 383 377 373 373 375 372 368 366 363 361 359 359 356 361 363 370 370 373 368 364
