ToyModel/Test_CTEL-GIS/includes/DEM_CTEL_20x20_MTM.asc
ncols        266
nrows        285
xllcorner    225536.061610463337
yllcorner    5098987.251316972077
cellsize     20
NODATA_value  32767
[rows 210 to 251 of 285, columns 0 to 93 of 266]
352 352 353 361 364 364 364 363 365 369 369 367 366 366 363 362 360 357 353 353 348 345 342 339 339 338 340 342 342 343 344 345 345 346 348 348 349 348 347 346 347 345 349 350 350 356 359 359 356 358 360 364 364 366 367 367 366 366 366 364 371 378 381 384 385 392 394 395 398 398 398 400 402 403 398 395 391 390 389 389 389 391 391 392 392 391 396 397 399 396 391 388 388 390
353 353 357 360 362 362 362 363 363 364 364 364 365 365 363 359 356 353 350 350 347 344 342 339 339 338 340 342 342 343 344 345 345 346 348 349 349 351 352 352 353 353 353 356 356 361 364 364 362 363 365 367 368 369 371 371 368 368 368 368 370 372 374 379 379 386 387 391 394 394 394 397 398 398 394 390 386 387 386 385 386 386 386 387 385 383 385 388 389 387 385 381 381 383
353 353 357 360 362 362 362 363 363 364 364 364 365 365 363 359 356 353 350 350 347 344 342 339 339 338 340 342 342 343 344 345 345 346 348 349 349 351 352 352 353 353 353 356 356 361 364 364 362 363 365 367 368 369 371 371 368 368 368 368 370 372 374 379 379 386 387 391 394 394 394 397 398 398 394 390 386 387 386 385 386 386 386 387 385 383 385 388 389 387 385 381 381 383
332 332 336 339 343 348 348 350 363 364 364 364 365 365 363 359 356 353 350 350 347 344 341 340 340 341 343 344 345 347 348 348 348 349 350 351 351 353 355 358 360 359 360 362 362 364 365 365 362 365 369 370 371 372 374 371 371 371 371 371 368 368 370 372 375 375 377 380 382 382 382 387 390 392 393 390 387 388 388 389 384 384 384 382 380 381 380 379 382 380 378 375 375 376
332 332 336 339 343 348 348 350 363 364 364 364 365 365 363 359 356 353 350 350 347 344 341 340 340 341 343 344 345 347 348 348 348 349 350 351 351 353 355 358 360 359 360 362 362 364 365 365 362 365 369 370 371 372 374 371 371 371 371 371 368 368 370 372 375 375 377 380 382 382 382 387 390 392 393 390 387 388 388 389 384 384 384 382 380 381 380 379 382 380 378 375 375 376
332 336 336 339 343 348 348 350 351 350 345 342 339 339 337 336 337 338 340 340 340 340 342 344 344 350 352 353 354 355 356 359 359 360 364 365 365 367 371 374 375 377 377 377 377 376 374 374 372 370 368 369 372 373 372 371 372 372 369 369 366 367 365 367 368 367 366 364 364 364 364 365 368 370 371 372 373 375 376 377 377 377 377 374 374 373 373 375 375 374 373 371 371 370
322 322 322 322 325 330 330 334 335 334 330 327 326 326 327 331 334 334 339 339 338 341 346 346 349 349 354 357 357 358 360 365 365 367 369 370 370 374 377 381 382 383 385 383 383 381 385 382 382 380 378 378 379 378 376 372 371 371 368 368 369 366 366 367 369 369 367 366 366 366 366 366 367 369 370 372 376 379 380 380 379 379 379 379 378 377 377 377 377 376 374 373 373 373
322 322 322 322 325 330 330 334 335 334 330 327 326 326 327 331 334 334 339 339 338 341 346 346 349 349 354 357 357 358 360 365 365 367 369 370 370 374 377 381 382 383 385 383 383 381 385 382 382 380 378 378 379 378 376 372 371 371 368 368 369 366 366 367 369 369 367 366 366 366 366 366 367 369 370 372 376 379 380 380 379 379 379 379 378 377 377 377 377 376 374 373 373 373
319 321 321 321 322 322 322 323 327 327 327 326 326 326 327 331 334 335 337 337 339 343 344 347 349 349 353 357 359 358 360 360 360 361 367 370 370 374 378 380 383 384 383 384 384 388 387 387 387 386 385 385 387 388 386 381 378 378 375 375 372 370 368 368 368 374 372 369 369 369 369 369 370 370 370 372 381 384 385 386 385 385 385 385 386 385 387 387 386 383 381 380 379 379
319 320 320 322 322 322 322 323 324 324 324 324 327 326 326 325 329 330 332 332 336 339 341 344 347 347 347 354 354 353 358 362 362 363 366 369 369 373 377 381 385 386 392 388 388 394 395 397 397 397 398 398 400 396 395 393 390 390 385 385 382 379 378 375 373 373 375 374 368 365 365 365 365 366 369 372 380 383 387 394 394 385 385 385 386 385 387 387 386 383 381 380 379 379
319 320 320 322 322 322 322 323 324 324 324 324 327 326 326 325 329 330 332 332 336 339 341 344 347 347 347 354 354 353 358 362 362 363 366 369 369 373 377 381 385 386 392 388 388 394 395 397 397 397 398 398 400 396 395 393 390 390 385 385 382 379 378 375 373 373 375 374 368 365 365 365 365 366 369 372 380 383 387 394 394 385 385 385 386 385 387 387 386 383 381 380 379 379
322 323 323 323 324 326 326 326 326 323 320 321 324 327 327 326 328 327 328 328 330 331 335 341 344 344 346 350 354 357 358 359 359 360 363 366 370 370 375 381 388 392 393 393 393 400 402 403 403 407 409 407 407 404 404 396 393 393 389 386 386 386 385 383 378 373 375 374 368 365 365 365 365 366 369 372 380 383 387 394 394 394 394 394 399 401 401 397 394 391 390 389 387 387
322 324 324 327 328 330 330 328 329 328 326 320 319 325 325 323 325 329 332 332 332 334 338 338 340 340 343 343 345 348 351 353 353 354 359 363 369 369 374 380 385 391 394 396 396 405 407 408 408 410 409 407 407 404 404 396 393 393 389 386 386 386 385 383 378 373 375 375 370 370 370 370 371 374 376 377 387 386 386 392 398 402 402 402 406 408 404 401 398 396 395 396 398 398
322 324 324 327 328 330 330 328 329 328 326 320 319 325 325 323 325 329 332 332 332 334 338 338 340 340 343 343 345 348 351 353 353 354 359 363 369 369 374 380 385 391 394 396 396 405 407 408 408 410 409 407 407 404 404 396 393 393 389 386 386 386 385 383 378 373 375 375 370 370 370 370 371 374 376 377 387 386 386 392 398 402 402 402 406 408 404 401 398 396 395 396 398 398
325 325 332 332 331 332 332 333 333 331 328 323 320 323 323 324 324 329 330 330 332 339 339 338 341 345 345 347 351 353 354 355 355 356 359 362 369 369 374 380 385 391 394 396 396 405 407 408 408 410 409 406 406 404 402 402 397 397 393 388 388 388 389 392 391 379 380 376 376 381 381 381 383 383 385 382 390 387 392 397 398 400 400 400 404 409 405 406 404 400 399 398 397 397
325 327 327 327 327 331 331 335 335 331 326 327 322 320 320 325 320 324 330 330 334 339 339 338 341 345 345 347 351 353 354 355 355 356 359 362 368 368 374 381 387 393 398 401 401 407 408 408 408 408 409 407 406 402 400 399 399 399 399 396 396 395 394 392 393 382 382 382 382 385 385 388 388 388 392 386 394 396 399 398 398 399 399 399 406 409 406 402 400 399 397 397 398 398
325 327 327 327 327 331 331 335 335 331 326 327 322 320 320 325 320 324 330 330 334 339 339 338 341 345 345 347 351 353 354 355 355 356 359 362 368 368 374 381 387 393 398 401 401 407 408 408 408 408 409 407 406 402 400 399 399 399 399 396 396 395 394 392 393 382 382 382 382 385 385 388 388 388 392 386 394 396 399 398 398 399 399 399 406 409 406 402 400 399 397 397 398 398
322 318 320 320 323 327 327 335 335 331 326 327 322 320 320 325 320 324 330 330 334 341 342 341 345 348 348 351 355 359 361 363 363 364 365 367 370 370 374 379 385 392 397 402 402 405 408 410 411 411 410 411 411 409 407 405 407 407 407 408 408 411 410 407 405 397 393 388 386 386 386 385 385 387 392 394 393 395 402 405 405 410 410 410 414 418 418 413 409 407 404 401 401 401
322 318 320 320 323 327 327 334 335 330 327 327 325 325 328 328 327 331 332 332 335 338 344 346 350 353 353 358 360 363 369 371 371 372 373 374 375 375 378 382 386 391 397 400 400 405 406 409 412 412 411 414 412 409 408 410 412 412 415 417 417 415 413 408 406 399 401 397 394 392 392 393 393 393 394 395 388 388 393 401 404 408 408 408 411 418 417 417 416 415 414 414 415 415
322 318 320 320 323 327 327 334 335 330 327 327 325 325 328 328 327 331 332 332 335 338 344 346 350 353 353 358 360 363 369 371 371 372 373 374 375 375 378 382 386 391 397 400 400 405 406 409 412 412 411 414 412 409 408 410 412 412 415 417 417 415 413 408 406 399 401 397 394 392 392 393 393 393 394 395 388 388 393 401 404 408 408 408 411 418 417 417 416 415 414 414 415 415
315 318 317 317 320 324 324 328 331 332 330 328 327 327 330 330 333 335 330 330 332 338 345 351 352 356 356 360 368 370 376 381 381 385 383 384 385 383 383 388 391 395 402 407 407 406 408 412 412 412 412 411 407 409 410 414 416 416 414 413 411 411 408 407 405 407 410 409 405 406 406 404 404 401 399 399 401 399 399 399 403 405 405 407 407 410 418 419 420 421 421 421 423 423
316 315 322 322 320 319 319 325 329 330 329 327 327 329 331 331 331 331 329 329 337 341 345 345 350 353 353 358 367 372 380 383 383 385 385 384 384 384 384 389 393 401 405 409 409 413 417 417 413 413 411 412 410 412 414 418 421 421 420 418 415 415 414 413 413 411 412 413 413 412 412 409 409 410 409 411 413 411 411 411 415 415 415 417 417 423 427 428 429 428 430 429 432 432
316 315 322 322 320 319 319 325 329 330 329 327 327 329 331 331 331 331 329 329 337 341 345 345 350 353 353 358 367 372 380 383 383 385 385 384 384 384 384 389 393 401 405 409 409 413 417 417 413 413 411 412 410 412 414 418 421 421 420 418 415 415 414 413 413 411 412 413 413 412 412 409 409 410 409 411 413 411 411 411 415 415 415 417 417 423 427 428 429 428 430 429 432 432
316 319 325 323 323 324 324 327 326 331 329 327 328 330 330 330 330 328 328 328 328 337 340 352 354 354 361 361 368 376 376 384 384 383 387 387 389 390 390 390 396 403 412 416 416 419 421 420 420 420 420 417 418 421 423 424 422 422 419 419 419 419 418 418 418 413 413 415 419 415 415 417 417 418 418 420 421 417 415 417 415 415 415 417 417 423 427 428 429 428 430 429 432 432
317 323 326 323 323 324 324 328 327 328 329 329 330 330 330 330 331 330 329 329 326 328 339 348 354 357 359 359 370 374 379 382 382 384 388 390 392 394 394 396 400 408 410 418 418 417 419 417 419 420 420 420 422 426 428 425 428 428 427 423 425 425 424 424 425 413 413 415 419 415 415 417 418 418 418 420 421 417 415 417 416 420 420 428 428 434 434 436 437 437 436 440 444 442
317 323 326 323 323 324 324 328 327 328 329 329 330 330 330 330 331 330 329 329 326 328 339 348 354 357 359 359 370 374 379 382 382 384 388 390 392 394 394 396 400 408 410 418 418 417 419 417 419 420 420 420 422 426 428 425 428 428 427 423 425 425 424 424 425 413 413 415 419 415 415 417 418 418 418 420 421 417 415 417 416 420 420 428 428 434 434 436 437 437 436 440 444 442
313 315 321 322 322 324 324 326 325 326 328 328 329 329 330 330 330 333 332 332 331 333 337 342 349 351 357 357 366 372 376 381 381 385 393 393 396 398 398 400 406 413 412 414 414 418 417 419 421 424 420 420 422 426 428 425 428 428 427 423 425 425 424 424 425 421 420 416 414 418 418 422 422 422 423 427 426 425 423 423 426 431 431 432 432 431 440 439 443 441 443 444 446 452
313 315 321 322 322 324 324 326 325 326 328 328 329 329 330 330 330 333 332 332 331 333 337 342 349 351 357 357 366 372 376 381 381 385 393 393 396 398 398 400 406 413 412 414 414 418 417 419 421 424 420 420 422 426 428 425 428 428 427 423 425 425 424 424 425 421 420 416 414 418 418 422 422 422 423 427 426 425 423 423 426 431 431 432 432 431 440 439 443 441 443 444 446 452
315 315 316 320 320 321 321 322 323 325 325 326 327 328 330 333 333 334 334 334 337 339 339 341 345 347 349 349 357 367 372 379 379 385 395 393 396 398 400 400 406 413 412 414 414 418 417 419 421 424 424 428 429 431 430 434 437 437 439 440 438 438 435 434 434 434 426 422 419 423 423 421 426 426 434 428 428 433 431 432 435 439 439 438 438 442 444 444 441 445 447 451 454 455
316 320 318 317 317 318 318 319 321 322 321 322 322 326 330 334 334 335 335 335 337 339 339 341 345 347 349 349 357 367 372 379 379 385 395 398 398 399 402 402 407 413 412 414 414 417 417 420 423 427 427 430 437 438 438 441 443 443 444 443 443 443 443 441 441 440 436 433 429 432 432 428 434 434 438 433 436 441 444 454 458 455 455 451 452 452 452 450 455 456 456 461 466 462
316 320 318 317 317 318 318 319 321 322 321 322 322 326 330 334 334 335 335 335 337 339 339 341 345 347 349 349 357 367 372 379 379 385 395 398 398 399 402 402 407 413 412 414 414 417 417 420 423 427 427 430 437 438 438 441 443 443 444 443 443 443 443 441 441 440 436 433 429 432 432 428 434 434 438 433 436 441 444 454 458 455 455 451 452 452 452 450 455 456 456 461 466 462
315 315 314 314 314 318 318 319 321 322 321 322 322 326 330 334 334 335 335 335 339 341 341 341 343 342 344 344 350 363 371 374 374 382 391 394 397 401 404 404 407 406 408 410 410 410 412 416 422 431 431 439 443 446 443 447 448 448 449 449 450 452 452 448 446 448 450 445 442 443 443 441 439 439 449 452 450 447 450 460 461 460 460 460 462 462 465 466 467 469 471 472 475 476
315 315 314 314 315 315 315 317 318 318 317 318 323 328 332 334 334 334 334 334 339 341 341 340 341 338 339 340 340 347 356 365 365 374 385 388 394 399 403 403 404 407 412 409 409 409 412 417 423 434 434 445 449 450 449 452 454 454 455 455 457 457 457 457 458 460 460 454 456 454 454 449 449 449 450 450 451 451 454 459 461 461 461 464 465 465 468 471 473 475 479 485 488 485
315 315 314 314 315 315 315 317 318 318 317 318 323 328 332 334 334 334 334 334 339 341 341 340 341 338 339 340 340 347 356 365 365 374 385 388 394 399 403 403 404 407 412 409 409 409 412 417 423 434 434 445 449 450 449 452 454 454 455 455 457 457 457 457 458 460 460 454 456 454 454 449 449 449 450 450 451 451 454 459 461 461 461 464 465 465 468 471 473 475 479 485 488 485
309 311 311 313 316 316 316 312 309 311 314 316 321 329 334 332 332 329 330 330 329 328 330 329 335 336 339 339 339 338 339 344 344 362 378 381 387 390 397 397 403 408 413 416 416 415 417 420 429 440 449 449 461 465 467 470 471 471 473 473 474 475 475 477 479 480 480 480 482 480 480 474 468 464 464 459 457 459 463 466 472 475 475 478 481 481 482 484 484 487 491 493 496 499
307 309 311 307 305 305 305 309 307 309 314 317 321 332 331 329 329 330 331 331 328 323 325 323 329 332 336 339 339 341 343 350 350 357 376 381 385 388 392 392 400 407 413 418 418 421 421 424 431 452 460 460 467 471 474 481 483 483 485 485 482 482 482 483 484 485 486 487 489 486 486 485 481 476 476 472 468 469 466 470 467 469 469 474 477 477 484 488 489 493 496 498 501 502
307 309 311 307 305 305 305 309 307 309 314 317 321 332 331 329 329 330 331 331 328 323 325 323 329 332 336 339 339 341 343 350 350 357 376 381 385 388 392 392 400 407 413 418 418 421 421 424 431 452 460 460 467 471 474 481 483 483 485 485 482 482 482 483 484 485 486 487 489 486 486 485 481 476 476 472 468 469 466 470 467 469 469 474 477 477 484 488 489 493 496 498 501 502
300 311 311 309 304 304 304 311 314 314 319 321 324 329 328 327 329 329 328 328 328 327 325 324 328 331 336 337 337 339 344 348 348 352 369 379 379 382 383 391 391 401 408 417 417 424 429 429 440 451 463 463 470 474 479 484 490 490 493 495 497 497 497 496 495 492 492 492 494 492 492 491 488 484 484 481 466 466 463 470 467 469 469 474 477 477 484 488 489 493 496 498 501 502
307 311 308 308 307 307 307 306 309 312 316 323 324 323 324 328 328 328 328 328 330 329 329 328 324 330 338 341 341 338 345 348 348 350 361 372 376 376 379 388 388 398 408 417 417 427 430 436 438 446 465 465 471 476 481 488 491 491 492 496 505 510 512 512 495 492 492 492 494 492 492 491 488 484 484 481 466 466 463 461 464 468 468 474 479 486 486 487 488 489 491 495 498 499
307 311 308 308 307 307 307 306 309 312 316 323 324 323 324 328 328 328 328 328 330 329 329 328 324 330 338 341 341 338 345 348 348 350 361 372 376 376 379 388 388 398 408 417 417 427 430 436 438 446 465 465 471 476 481 488 491 491 492 496 505 510 512 512 495 492 492 492 494 492 492 491 488 484 484 481 466 466 463 461 464 468 468 474 479 486 486 487 488 489 491 495 498 499
310 313 306 309 309 309 309 306 308 314 313 312 318 319 323 324 325 325 327 327 330 332 334 335 331 328 335 338 338 345 345 345 345 348 358 364 370 375 379 386 386 395 405 418 418 430 438 439 443 446 465 465 471 476 481 488 491 491 492 496 505 510 512 512 512 511 510 509 505 508 508 504 499 495 495 484 466 459 461 461 462 468 468 470 475 475 475 479 482 483 486 490 491 490
315 314 308 308 309 310 310 310 312 311 313 316 316 320 320 322 323 323 325 325 331 332 333 334 333 330 330 337 343 343 345 344 344 347 358 364 370 375 379 386 386 395 405 418 418 430 438 439 443 445 458 458 470 479 487 495 500 500 507 512 516 517 518 518 520 522 522 519 517 513 513 508 500 493 493 488 474 467 465 462 463 464 464 462 457 465 465 468 471 473 471 472 475 475
