ToyModel/Test_CTEL-GIS/includes/DEM_CTEL_20x20_MTM.asc
ncols        266
nrows        285
xllcorner    225536.061610463337
yllcorner    5098987.251316972077
cellsize     20
NODATA_value  32767
[rows 168 to 209 of 285, columns 0 to 93 of 266]
330 330 326 331 333 332 332 331 328 328 327 326 327 327 328 330 328 329 331 331 333 341 346 344 344 347 351 353 360 365 370 377 377 377 378 378 383 383 385 386 392 397 397 399 399 401 401 404 407 406 407 410 415 413 412 416 416 416 418 425 425 428 433 440 443 452 454 453 453 462 462 469 479 486 491 497 508 514 524 524 526 528 528 534 537 538 542 543 543 541 541 538 534 532
330 332 332 331 331 331 331 334 335 336 334 333 333 333 333 332 331 332 335 335 339 351 351 350 350 352 355 358 361 366 372 379 379 379 382 382 382 388 389 394 403 405 408 408 408 409 409 411 411 414 411 411 414 417 419 422 425 425 425 429 427 430 437 438 444 450 452 456 456 466 466 471 478 487 495 499 508 513 523 523 525 527 527 530 530 532 534 532 528 524 524 523 523 518
337 334 334 336 336 337 337 340 341 341 340 338 338 338 334 335 337 338 344 344 346 354 353 358 358 359 358 361 365 368 374 379 379 387 385 385 392 397 400 404 408 411 413 415 415 413 413 413 411 411 413 415 418 418 418 421 430 430 430 435 433 433 437 441 445 450 456 462 462 467 467 472 481 486 491 499 506 514 523 523 522 524 524 522 521 522 521 516 512 506 506 507 508 506
337 334 334 336 336 337 337 340 341 341 340 338 338 338 334 335 337 338 344 344 346 354 353 358 358 359 358 361 365 368 374 379 379 387 385 385 392 397 400 404 408 411 413 415 415 413 413 413 411 411 413 415 418 418 418 421 430 430 430 435 433 433 437 441 445 450 456 462 462 467 467 472 481 486 491 499 506 514 523 523 522 524 524 522 521 522 521 516 512 506 506 507 508 506
340 338 338 337 338 342 342 344 346 345 343 340 338 338 337 338 342 345 347 347 348 354 351 357 357 358 359 364 366 370 373 377 377 386 394 394 401 405 408 411 409 414 415 422 422 422 419 419 418 428 422 418 417 417 422 425 432 432 432 441 437 436 438 444 447 452 459 465 465 471 471 475 481 489 494 502 510 512 520 520 519 517 517 514 513 512 507 506 503 492 506 507 508 506
341 338 338 337 337 341 341 342 348 347 344 339 338 338 337 337 338 342 351 351 351 349 346 351 351 358 360 365 368 372 378 382 382 392 400 406 406 408 411 414 422 421 426 431 431 432 429 429 429 434 429 422 419 416 418 421 424 424 424 442 444 445 449 453 453 458 462 465 465 474 474 473 482 493 494 502 510 512 520 520 519 517 517 514 513 512 507 506 503 492 493 493 489 490
341 338 338 337 337 341 341 342 348 347 344 339 338 338 337 337 338 342 351 351 351 349 346 351 351 358 360 365 368 372 378 382 382 392 400 406 406 408 411 414 422 421 426 431 431 432 429 429 429 434 429 422 419 416 418 421 424 424 424 442 444 445 449 453 453 458 462 465 465 474 474 473 482 493 494 502 510 512 520 520 519 517 517 514 513 512 507 506 503 492 493 493 489 490
345 344 344 343 342 339 339 337 345 346 341 340 342 342 345 345 344 344 353 353 349 350 352 354 360 360 361 366 376 379 384 393 393 400 407 411 411 414 417 425 428 432 435 435 435 433 434 434 438 437 433 425 417 414 418 419 422 422 424 442 444 445 449 453 453 458 462 465 465 474 474 473 482 493 502 503 506 513 517 515 515 512 512 503 502 500 496 491 488 483 478 478 476 474
350 352 352 353 349 347 347 342 341 343 343 343 347 343 343 345 349 350 354 354 355 350 351 358 362 362 366 369 381 386 393 402 402 410 417 421 421 424 428 433 436 436 435 435 435 433 434 434 438 437 433 425 417 414 418 419 422 422 422 430 444 449 457 458 456 458 465 469 476 476 476 483 489 489 497 500 503 505 508 505 505 504 504 500 497 490 486 480 475 466 471 471 467 464
350 352 352 353 349 347 347 342 341 343 343 343 347 343 343 345 349 350 354 354 355 350 351 358 362 362 366 369 381 386 393 402 402 410 417 421 421 424 428 433 436 436 435 435 435 433 434 434 438 437 433 425 417 414 418 419 422 422 422 430 444 449 457 458 456 458 465 469 476 476 476 483 489 489 497 500 503 505 508 505 505 504 504 500 497 490 486 480 475 466 471 471 467 464
359 360 360 360 357 353 353 348 342 341 343 345 345 346 346 344 349 353 357 357 361 361 359 360 362 362 366 369 381 386 393 402 402 410 417 421 421 424 428 433 436 436 441 443 443 444 443 443 446 446 442 434 418 414 417 417 420 420 428 428 439 449 456 459 466 469 472 472 477 477 477 479 479 486 493 496 499 498 496 498 498 495 495 488 485 482 474 468 464 461 462 462 458 456
368 366 363 363 362 362 362 361 358 357 353 352 345 346 346 344 349 353 357 357 361 361 359 360 362 362 366 371 384 394 400 406 406 413 419 425 425 430 434 447 451 454 456 460 460 463 459 459 458 455 451 438 423 414 411 417 420 420 432 432 440 443 450 458 464 470 473 477 476 476 476 476 479 481 484 488 491 492 486 484 484 481 481 474 473 468 463 454 451 454 450 450 449 450
368 366 363 363 362 362 362 361 358 357 353 352 345 346 346 344 349 353 357 357 361 361 359 360 362 362 366 371 384 394 400 406 406 413 419 425 425 430 434 447 451 454 456 460 460 463 459 459 458 455 451 438 423 414 411 417 420 420 432 432 440 443 450 458 464 470 473 477 476 476 476 476 479 481 484 488 491 492 486 484 484 481 481 474 473 468 463 454 451 454 450 450 449 450
368 366 363 363 362 362 362 361 358 357 353 352 352 352 352 352 353 356 365 365 370 375 373 377 380 380 382 385 401 405 407 411 411 414 422 430 430 436 444 460 465 469 471 473 473 473 473 472 472 461 457 451 445 434 424 417 422 422 423 423 432 443 449 454 464 470 475 480 480 480 480 478 478 477 476 477 476 473 467 463 463 457 457 454 451 449 447 444 438 437 436 436 435 431
364 363 360 360 359 360 360 361 359 358 354 353 352 352 352 355 358 361 366 366 371 373 377 381 385 385 389 395 403 406 411 416 416 420 428 437 445 445 456 470 476 479 480 481 481 476 474 474 474 467 463 462 453 442 431 420 419 419 423 423 432 446 452 457 464 468 473 477 483 483 483 481 475 472 471 469 468 465 464 458 458 452 452 447 445 438 435 432 427 429 427 423 423 419
364 363 360 360 359 360 360 361 359 358 354 353 352 352 352 355 358 361 366 366 371 373 377 381 385 385 389 395 403 406 411 416 416 420 428 437 445 445 456 470 476 479 480 481 481 476 474 474 474 467 463 462 453 442 431 420 419 419 423 423 432 446 452 457 464 468 473 477 483 483 483 481 475 472 471 469 468 465 464 458 458 452 452 447 445 438 435 432 427 429 427 423 423 419
363 363 363 363 364 364 364 366 364 363 359 358 358 360 360 361 364 367 374 374 377 376 381 382 389 394 394 400 409 413 418 423 423 428 437 446 457 457 462 475 478 480 477 479 479 478 473 468 468 463 461 459 453 440 436 427 424 424 426 426 433 446 452 459 464 469 474 476 478 478 478 475 471 468 466 463 461 462 458 453 446 446 446 440 434 424 421 422 422 420 417 410 410 406
365 366 365 365 365 368 368 370 368 367 361 360 361 360 365 365 368 369 374 374 379 384 387 390 394 394 394 398 411 413 414 425 425 432 448 452 461 461 465 475 475 475 472 470 470 468 464 458 458 458 457 450 444 436 432 424 419 419 422 422 435 449 454 463 467 474 477 478 470 463 463 463 461 460 459 457 456 453 446 442 437 437 437 431 424 424 421 422 422 420 417 410 410 406
365 366 365 365 365 368 368 370 368 367 361 360 361 360 365 365 368 369 374 374 379 384 387 390 394 394 394 398 411 413 414 425 425 432 448 452 461 461 465 475 475 475 472 470 470 468 464 458 458 458 457 450 444 436 432 424 419 419 422 422 435 449 454 463 467 474 477 478 470 463 463 463 461 460 459 457 456 453 446 442 437 437 437 431 424 424 421 422 422 420 417 410 410 406
372 371 370 370 370 372 372 372 373 369 367 365 366 364 369 369 371 374 382 382 388 390 390 394 400 404 404 406 415 414 418 425 425 432 442 448 458 458 460 466 469 465 464 461 461 458 456 453 453 452 447 444 440 430 420 415 416 416 425 425 434 443 448 456 463 471 474 473 470 463 463 463 461 460 459 457 456 453 446 442 437 437 437 431 424 419 416 413 414 410 405 402 402 403
378 376 374 375 375 376 376 376 377 374 374 373 373 373 373 373 375 378 387 387 389 389 389 393 398 405 405 407 415 418 424 426 426 427 443 450 453 453 454 460 461 459 457 450 450 447 449 447 447 440 437 435 440 430 420 415 416 416 425 434 434 443 448 456 463 471 474 473 463 456 456 456 453 450 450 451 452 448 434 430 427 427 427 421 415 412 409 409 409 404 403 401 401 400
378 376 374 375 375 376 376 376 377 374 374 373 373 373 373 373 375 378 387 387 389 389 389 393 398 405 405 407 415 418 424 426 426 427 443 450 453 453 454 460 461 459 457 450 450 447 449 447 447 440 437 435 440 430 420 415 416 416 425 434 434 443 448 456 463 471 474 473 463 456 456 456 453 450 450 451 452 448 434 430 427 427 427 421 415 412 409 409 409 404 403 401 401 400
377 378 380 382 382 382 382 381 382 379 378 377 375 371 371 371 377 382 385 385 388 392 391 395 400 404 404 407 414 418 421 424 424 434 436 442 444 453 454 460 461 459 457 450 450 447 449 447 440 440 437 435 428 423 420 419 413 413 420 424 424 434 445 451 457 457 459 460 451 445 445 445 441 445 446 445 443 439 426 422 416 416 416 413 410 408 408 408 408 404 402 401 401 402
377 378 380 382 382 382 382 381 382 379 378 377 375 371 371 371 377 382 385 385 388 392 391 395 400 404 404 407 414 418 421 424 424 434 436 442 444 453 454 460 461 459 457 450 450 447 449 447 440 440 437 435 428 423 420 419 413 413 420 424 424 434 445 451 457 457 459 460 451 445 445 445 441 445 446 445 443 439 426 422 416 416 416 413 410 408 408 408 408 404 402 401 401 402
375 378 382 385 385 384 384 383 383 382 382 380 379 377 376 376 379 382 388 388 389 391 391 395 400 404 404 407 414 418 421 424 424 434 436 442 444 446 446 450 449 450 447 444 444 441 437 435 429 429 428 423 421 415 410 411 409 409 411 417 417 427 439 444 451 452 450 445 436 431 431 431 429 428 427 426 421 418 413 410 408 408 408 409 410 410 409 407 406 404 402 402 400 400
371 373 376 378 378 378 378 383 383 382 382 380 379 377 376 376 379 382 388 388 389 391 394 393 398 402 403 403 410 416 420 422 422 427 432 435 438 438 438 439 435 435 434 431 431 428 424 421 416 416 416 413 410 406 402 399 399 399 402 407 407 417 425 432 437 440 436 432 424 421 421 421 418 417 413 411 410 409 409 410 410 411 411 411 413 415 414 412 411 407 406 400 398 398
371 373 376 378 378 378 378 383 383 382 382 380 379 377 376 376 379 382 388 388 389 391 394 393 398 402 403 403 410 416 420 422 422 427 432 435 438 438 438 439 435 435 434 431 431 428 424 421 416 416 416 413 410 406 402 399 399 399 402 407 407 417 425 432 437 440 436 432 424 421 421 421 418 417 413 411 410 409 409 410 410 411 411 411 413 415 414 412 411 407 406 400 398 398
371 373 376 378 378 378 378 379 384 389 391 391 390 390 390 390 390 390 397 397 393 392 392 394 398 406 406 406 414 415 416 416 416 418 421 421 423 419 419 413 410 410 411 404 404 401 397 394 390 390 391 391 390 388 388 391 390 390 390 397 397 402 409 414 413 412 413 413 412 413 413 411 411 411 411 409 408 409 411 411 414 413 413 413 413 413 411 408 408 409 408 408 407 407
371 372 369 371 383 383 383 387 389 391 393 393 393 391 394 394 394 394 394 394 393 396 399 402 403 406 409 409 411 411 411 409 409 409 409 410 407 404 404 400 398 395 390 389 389 386 384 384 388 388 388 389 386 384 387 388 384 384 386 385 385 390 398 405 408 410 409 411 410 410 410 409 409 407 408 407 406 409 413 414 413 413 413 413 415 414 413 412 415 411 411 412 409 409
371 372 369 371 383 383 383 387 389 391 393 393 393 391 394 394 394 394 394 394 393 396 399 402 403 406 409 409 411 411 411 409 409 409 409 410 407 404 404 400 398 395 390 389 389 386 384 384 388 388 388 389 386 384 387 388 384 384 386 385 385 390 398 405 408 410 409 411 410 410 410 409 409 407 408 407 406 409 413 414 413 413 413 413 415 414 413 412 415 411 411 412 409 409
367 368 364 376 380 385 385 387 389 387 391 391 393 392 396 397 398 397 402 402 403 406 407 399 402 406 409 410 411 411 411 409 409 409 409 410 407 404 402 400 398 395 390 389 389 384 384 384 387 388 388 389 386 384 387 384 384 384 381 386 385 390 398 405 408 409 411 411 411 410 410 410 409 407 408 407 409 411 413 413 414 413 413 413 415 414 412 415 411 411 411 411 412 409
356 357 359 368 376 380 380 387 389 387 391 391 393 392 396 397 398 397 402 402 403 406 407 407 402 396 394 391 391 391 389 388 388 383 383 377 374 373 371 368 371 371 374 374 374 381 381 381 382 379 376 377 374 372 369 368 368 368 370 372 376 380 384 392 397 408 410 414 414 419 419 416 416 416 415 414 408 410 411 411 417 415 415 415 415 414 413 417 419 419 418 418 417 416
356 357 359 368 376 380 380 387 389 387 391 391 393 392 396 397 398 397 402 402 403 406 407 407 402 396 394 391 391 391 389 388 388 383 383 377 374 373 371 368 371 371 374 374 374 381 381 381 382 379 376 377 374 372 369 368 368 368 370 372 376 380 384 392 397 408 410 414 414 419 419 416 416 416 415 414 408 410 411 411 417 415 415 415 415 414 413 417 419 419 418 418 417 416
356 357 359 368 376 380 380 387 389 389 390 390 390 390 392 394 397 396 397 397 398 396 393 393 390 384 382 382 382 379 378 373 373 370 370 366 365 364 365 365 367 370 371 371 371 375 375 377 376 372 370 370 368 368 365 364 364 364 367 370 376 384 388 393 396 399 401 406 406 410 410 411 412 412 412 408 405 407 408 408 409 411 411 411 413 417 414 418 419 419 417 417 417 418
353 356 359 363 372 375 375 382 383 382 383 384 384 386 390 389 389 386 383 383 379 377 375 375 373 368 369 371 371 370 365 359 359 356 354 354 353 354 356 357 358 355 355 357 357 364 364 366 369 368 366 364 363 364 365 366 370 370 370 373 378 383 391 393 394 396 396 399 399 401 401 404 405 405 405 404 404 404 405 405 405 406 406 411 409 409 413 412 414 415 415 415 415 416
353 356 359 363 372 375 375 382 383 382 383 384 384 386 390 389 389 386 383 383 379 377 375 375 373 368 369 371 371 370 365 359 359 356 354 354 353 354 356 357 358 355 355 357 357 364 364 366 369 368 366 364 363 364 365 366 370 370 370 373 378 383 391 393 394 396 396 399 399 401 401 404 405 405 405 404 404 404 405 405 405 406 406 411 409 409 413 412 414 415 415 415 415 416
353 357 360 359 369 372 372 376 379 377 379 377 377 379 384 383 381 379 377 377 374 370 367 367 365 359 359 360 359 357 352 347 347 346 343 343 343 343 343 347 349 349 349 350 350 353 353 354 358 361 362 361 361 363 363 363 364 364 364 370 376 386 387 391 392 396 395 397 397 399 399 400 400 401 402 403 401 400 401 403 403 405 405 406 406 407 405 406 408 410 413 413 413 417
357 357 356 359 367 370 370 374 377 378 377 375 375 375 371 371 373 371 369 369 366 364 359 359 354 352 351 350 347 343 343 345 345 343 342 342 343 341 340 347 347 348 351 353 353 353 353 352 355 359 361 364 364 365 364 361 360 360 360 369 376 383 385 391 396 396 395 396 396 400 400 403 403 403 401 400 399 396 394 395 395 396 396 406 406 407 405 406 408 410 413 413 413 417
357 357 356 359 367 370 370 374 377 378 377 375 375 375 371 371 373 371 369 369 366 364 359 359 354 352 351 350 347 343 343 345 345 343 342 342 343 341 340 347 347 348 351 353 353 353 353 352 355 359 361 364 364 365 364 361 360 360 360 369 376 383 385 391 396 396 395 396 396 400 400 403 403 403 401 400 399 396 394 395 395 396 396 406 406 407 405 406 408 410 413 413 413 417
357 357 358 362 365 369 369 372 373 373 376 374 374 371 367 365 366 364 362 362 359 356 351 345 345 341 340 339 339 339 341 343 343 345 345 345 348 347 347 344 343 344 345 347 347 354 355 355 357 357 359 364 367 368 368 364 363 363 363 366 375 380 387 388 393 396 396 396 400 400 400 403 403 403 401 400 399 396 394 395 395 396 396 398 400 401 403 403 406 405 407 407 411 413
357 357 358 364 367 368 368 369 371 370 372 370 370 368 365 363 363 360 356 356 352 348 343 340 340 338 340 342 342 343 344 344 344 346 346 346 347 348 347 346 347 345 349 350 350 356 359 359 356 358 360 364 367 368 368 364 363 363 363 366 375 380 387 388 393 396 396 396 398 398 398 401 405 403 401 399 396 392 390 391 391 394 394 395 394 394 398 400 399 400 399 398 398 402
357 357 358 364 367 368 368 369 371 370 372 370 370 368 365 363 363 360 356 356 352 348 343 340 340 338 340 342 342 343 344 344 344 346 346 346 347 348 347 346 347 345 349 350 350 356 359 359 356 358 360 364 367 368 368 364 363 363 363 366 375 380 387 388 393 396 396 396 398 398 398 401 405 403 401 399 396 392 390 391 391 394 394 395 394 394 398 400 399 400 399 398 398 402
