ToyModel/Test_CTEL-GIS/includes/DEM_CTEL_20x20_MTM.asc
ncols        266
nrows        285
xllcorner    225536.061610463337
yllcorner    5098987.251316972077
cellsize     20
NODATA_value  32767
[rows 126 to 167 of 285, columns 0 to 93 of 266]
344 346 351 346 346 348 348 347 347 346 342 356 347 352 350 348 349 349 356 356 357 361 363 363 363 370 371 375 385 385 383 385 385 387 388 386 378 363 346 329 322 322 321 327 327 325 328 333 339 346 347 343 343 344 342 344 349 349 348 354 354 357 364 364 368 365 366 368 372 373 373 371 374 377 377 383 385 386 384 384 383 389 389 386 387 396 396 389 389 391 388 393 394 401
338 345 346 346 346 348 348 347 347 346 342 356 347 352 350 348 349 349 349 349 352 354 352 350 350 352 349 348 358 365 365 374 374 378 379 378 358 347 343 327 320 320 318 322 322 322 322 332 336 346 347 343 343 341 342 345 347 347 349 358 361 365 368 368 371 373 373 372 372 375 375 376 380 377 377 379 380 382 382 384 386 397 397 398 403 402 402 399 399 400 399 400 400 405
338 345 346 346 346 348 348 347 347 346 342 356 347 352 350 348 349 349 349 349 352 354 352 350 350 352 349 348 358 365 365 374 374 378 379 378 358 347 343 327 320 320 318 322 322 322 322 332 336 346 347 343 343 341 342 345 347 347 349 358 361 365 368 368 371 373 373 372 372 375 375 376 380 377 377 379 380 382 382 384 386 397 397 398 403 402 402 399 399 400 399 400 400 405
338 345 346 350 348 343 343 341 341 339 344 349 344 342 343 344 343 338 339 339 339 340 341 340 340 339 335 333 337 346 346 355 355 362 360 355 344 338 328 323 321 321 323 326 326 329 331 334 335 341 345 345 345 344 343 342 347 347 351 358 362 368 369 369 372 374 374 370 375 382 382 382 382 384 386 386 386 387 388 389 392 398 398 408 408 409 409 406 404 406 407 410 409 406
334 335 336 334 335 338 338 336 337 337 339 339 337 339 340 340 336 334 335 335 335 336 335 335 335 333 332 332 332 332 332 331 331 331 330 328 325 321 320 320 322 322 325 328 328 328 335 334 335 342 346 345 345 344 345 346 350 350 355 363 366 366 370 369 369 372 373 374 379 388 388 387 386 387 390 390 393 392 393 399 399 399 399 405 409 403 403 403 405 407 406 410 416 417
334 335 336 334 335 338 338 336 337 337 339 339 337 339 340 340 336 334 335 335 335 336 335 335 335 333 332 332 332 332 332 331 331 331 330 328 325 321 320 320 322 322 325 328 328 328 335 334 335 342 346 345 345 344 345 346 350 350 355 363 366 366 370 369 369 372 373 374 379 388 388 387 386 387 390 390 393 392 393 399 399 399 399 405 409 403 403 403 405 407 406 410 416 417
328 332 331 330 333 333 333 333 333 333 336 341 336 336 336 335 334 334 331 331 331 331 331 333 338 334 328 325 324 324 324 321 321 319 319 320 320 320 320 317 319 319 323 322 322 331 341 344 342 345 347 351 348 348 349 350 352 352 358 367 373 375 372 375 375 376 379 383 387 395 395 395 395 394 395 395 399 397 397 407 408 408 408 406 403 405 405 405 407 407 417 419 416 417
330 332 334 332 329 328 328 327 329 329 331 333 334 332 333 333 332 331 326 326 326 322 321 321 322 322 321 320 318 317 317 316 316 315 315 316 316 316 315 312 311 313 313 327 327 339 344 345 345 349 346 347 349 349 352 355 357 357 362 372 375 372 371 377 377 384 385 389 391 402 402 402 400 400 403 403 399 397 397 407 408 408 408 406 403 405 405 405 407 407 417 419 422 424
330 332 334 332 329 328 328 327 329 329 331 333 334 332 333 333 332 331 326 326 326 322 321 321 322 322 321 320 318 317 317 316 316 315 315 316 316 316 315 312 311 313 313 327 327 339 344 345 345 349 346 347 349 349 352 355 357 357 362 372 375 372 371 377 377 384 385 389 391 402 402 402 400 400 403 403 399 397 397 407 408 408 408 406 403 405 405 405 407 407 417 419 422 424
324 328 327 326 322 321 321 318 321 321 323 327 329 332 332 332 329 325 317 317 317 316 317 316 317 318 318 317 315 316 316 316 316 314 314 315 314 318 317 314 319 320 320 332 332 345 351 352 352 356 351 351 352 352 354 357 360 360 362 377 375 372 371 377 377 384 385 389 391 402 402 402 400 400 403 403 403 401 404 409 412 413 413 417 415 413 410 410 412 413 419 429 436 436
316 315 314 315 319 318 318 315 315 315 314 314 314 312 314 315 316 322 322 322 322 323 326 327 330 330 330 332 324 330 324 324 324 323 327 330 320 321 320 322 329 335 335 332 332 345 351 352 352 356 351 351 352 352 354 357 360 360 362 377 379 380 384 388 388 390 394 394 394 400 400 398 400 401 402 402 403 405 406 411 419 420 420 422 423 424 422 422 420 421 427 435 440 444
316 315 314 315 319 318 318 315 315 315 314 314 314 312 314 315 316 322 322 322 322 323 326 327 330 330 330 332 324 330 324 324 324 323 327 330 320 321 320 322 329 335 335 332 332 345 351 352 352 356 351 351 352 352 354 357 360 360 362 377 379 380 384 388 388 390 394 394 394 400 400 398 400 401 402 402 403 405 406 411 419 420 420 422 423 424 422 422 420 421 427 435 440 444
319 319 320 322 325 327 327 335 328 328 326 321 321 318 318 318 321 325 335 335 336 336 340 337 333 335 330 327 324 330 324 324 324 323 327 330 320 321 320 322 329 335 335 347 347 349 350 349 344 362 361 363 365 365 366 368 370 370 372 380 386 388 387 389 389 390 396 400 402 405 405 407 411 416 419 419 419 420 418 415 421 427 427 431 435 439 440 440 441 441 449 452 456 458
333 338 333 333 333 341 341 343 341 351 351 347 336 318 318 318 321 325 335 335 336 336 340 337 333 335 330 327 325 320 324 324 324 322 332 333 319 316 317 322 333 339 339 342 342 345 344 341 343 349 355 363 367 367 370 372 374 374 377 382 384 385 388 391 393 393 395 398 405 402 402 408 410 418 421 421 421 420 418 417 424 431 431 436 439 441 449 449 452 454 454 455 458 461
333 338 333 333 333 341 341 343 341 351 351 347 336 318 318 318 321 325 335 335 336 336 340 337 333 335 330 327 325 320 324 324 324 322 332 333 319 316 317 322 333 339 339 342 342 345 344 341 343 349 355 363 367 367 370 372 374 374 377 382 384 385 388 391 393 393 395 398 405 402 402 408 410 418 421 421 421 420 418 417 424 431 431 436 439 441 449 449 452 454 454 455 458 461
333 338 333 333 333 341 341 343 341 351 351 347 336 341 335 339 342 342 343 343 338 338 341 347 342 333 330 325 313 314 321 321 321 319 320 326 321 319 322 333 337 340 340 345 345 344 340 341 338 349 353 360 368 368 368 370 376 376 380 381 384 390 391 394 397 397 399 400 402 403 403 411 420 417 415 419 419 421 422 424 428 434 434 440 445 448 450 450 453 456 462 465 467 469
333 338 333 333 333 341 341 343 341 351 351 347 336 341 335 339 342 342 343 343 338 338 341 347 342 333 330 325 313 314 321 321 321 319 320 326 321 319 322 333 337 340 340 345 345 344 340 341 338 349 353 360 368 368 368 370 376 376 380 381 384 390 391 394 397 397 399 400 402 403 403 411 420 417 415 419 419 421 422 424 428 434 434 440 445 448 450 450 453 456 462 465 467 469
331 331 334 333 340 350 350 351 356 363 363 366 361 357 349 352 347 341 339 339 339 339 344 347 347 343 332 317 315 315 313 313 313 316 325 326 323 322 324 331 340 340 341 341 341 343 344 345 344 349 352 360 364 366 366 370 375 375 379 384 388 388 391 393 397 397 402 403 405 409 409 416 422 420 418 424 424 426 425 432 437 442 442 445 446 454 461 461 463 464 470 476 485 487
339 338 326 324 336 346 346 350 366 367 367 363 361 355 357 351 342 340 340 340 343 343 348 357 352 347 326 314 309 317 323 323 323 327 327 331 328 324 326 335 341 348 348 348 348 348 348 350 349 353 355 362 366 369 369 371 372 372 372 379 386 387 389 395 399 399 401 404 406 413 413 416 420 424 425 429 429 431 434 440 444 448 448 452 456 460 462 466 466 473 483 494 501 507
339 338 326 324 336 346 346 350 366 367 367 363 361 355 357 351 342 340 340 340 343 343 348 357 352 347 326 314 309 317 323 323 323 327 327 331 328 324 326 335 341 348 348 348 348 348 348 350 349 353 355 362 366 369 369 371 372 372 372 379 386 387 389 395 399 399 401 404 406 413 413 416 420 424 425 429 429 431 434 440 444 448 448 452 456 460 462 466 466 473 483 494 501 507
337 330 323 319 324 335 335 345 360 361 361 363 362 360 362 356 346 338 338 338 339 339 351 359 354 344 331 319 313 319 331 334 334 334 337 335 334 333 336 341 345 352 353 353 353 352 350 350 350 351 355 361 366 368 368 372 372 372 374 379 387 390 393 399 401 401 402 402 405 415 415 417 419 423 429 431 431 436 442 445 449 454 454 459 460 466 462 466 466 473 483 494 501 507
316 317 315 321 324 325 325 339 353 362 362 364 364 363 359 354 346 343 345 345 345 351 351 352 345 340 333 318 323 329 329 332 332 332 334 337 338 336 337 342 347 356 355 355 355 353 350 348 351 352 355 360 366 367 367 373 373 373 374 382 386 389 396 399 404 404 405 404 407 415 415 417 419 423 429 431 436 436 442 445 449 454 454 459 460 466 469 474 474 480 498 508 513 519
316 317 315 321 324 325 325 339 353 362 362 364 364 363 359 354 346 343 345 345 345 351 351 352 345 340 333 318 323 329 329 332 332 332 334 337 338 336 337 342 347 356 355 355 355 353 350 348 351 352 355 360 366 367 367 373 373 373 374 382 386 389 396 399 404 404 405 404 407 415 415 417 419 423 429 431 436 436 442 445 449 454 454 459 460 466 469 474 474 480 498 508 513 519
306 315 314 320 328 327 327 326 337 363 368 368 367 366 352 348 339 339 352 352 347 349 349 350 343 336 327 319 323 327 325 328 328 328 327 327 334 336 335 342 355 359 356 356 356 353 351 352 358 359 358 359 360 367 367 373 373 373 374 382 386 389 396 399 404 405 405 404 407 413 413 420 424 426 429 439 443 443 445 451 454 460 460 466 471 472 478 482 482 490 508 514 519 521
301 300 300 317 324 327 327 323 343 338 336 336 346 337 338 340 334 332 335 335 340 343 343 343 343 336 333 334 326 323 325 330 330 330 331 337 338 338 335 342 355 359 356 356 356 353 351 352 358 359 358 359 360 365 371 371 377 377 374 380 383 387 394 401 407 408 408 409 409 417 417 423 428 431 436 441 445 445 450 459 461 467 467 475 481 488 496 501 501 507 514 518 524 528
301 300 300 317 324 327 327 323 343 338 336 336 346 337 338 340 334 332 335 335 340 343 343 343 343 336 333 334 326 323 325 330 330 330 331 337 338 338 335 342 355 359 356 356 356 353 351 352 358 359 358 359 360 365 371 371 377 377 374 380 383 387 394 401 407 408 408 409 409 417 417 423 428 431 436 441 445 445 450 459 461 467 467 475 481 488 496 501 501 507 514 518 524 528
300 296 306 317 323 333 333 325 332 337 340 340 343 333 330 326 328 326 331 331 332 331 331 343 343 336 333 334 326 323 325 330 330 330 331 337 338 338 343 364 367 371 367 367 367 367 372 371 367 368 358 351 352 355 358 358 365 365 371 375 376 382 386 390 398 406 406 414 420 430 430 433 439 445 449 452 455 455 459 472 477 479 479 484 488 496 500 506 506 512 529 538 545 548
310 308 306 311 329 330 330 331 332 337 340 340 343 333 330 326 328 326 331 331 332 331 331 333 334 333 332 331 328 329 334 341 341 341 350 349 345 348 350 360 375 379 374 376 376 376 373 373 376 369 361 353 353 355 359 359 363 363 368 372 374 377 385 392 403 411 411 415 422 435 435 441 448 452 453 458 465 465 467 476 482 487 487 491 496 503 508 514 514 521 538 544 548 553
310 308 306 311 329 330 330 331 332 337 340 340 343 333 330 326 328 326 331 331 332 331 331 333 334 333 332 331 328 329 334 341 341 341 350 349 345 348 350 360 375 379 374 376 376 376 373 373 376 369 361 353 353 355 359 359 363 363 368 372 374 377 385 392 403 411 411 415 422 435 435 441 448 452 453 458 465 465 467 476 482 487 487 491 496 503 508 514 514 521 538 544 548 553
310 308 306 311 329 330 330 331 330 341 346 346 343 328 326 324 322 331 327 327 332 326 326 331 331 331 333 335 332 335 338 349 349 345 345 347 348 354 361 368 378 378 379 377 377 377 375 372 378 381 372 359 361 356 360 360 364 364 367 372 377 383 393 405 411 416 416 416 425 444 444 455 455 458 452 464 474 474 477 482 485 491 491 499 504 511 515 520 528 528 541 547 551 555
325 322 316 319 322 331 331 332 336 336 339 339 332 326 322 315 316 328 338 338 334 333 329 329 335 337 334 333 336 338 347 351 351 346 346 346 355 359 360 371 374 376 382 378 378 378 377 376 380 382 380 367 363 367 370 370 370 370 374 383 390 399 406 416 419 424 424 429 434 454 454 452 456 458 457 461 468 475 475 487 490 502 502 509 516 521 528 535 543 543 549 555 558 563
325 322 316 319 322 331 331 332 336 336 339 339 332 326 322 315 316 328 338 338 334 333 329 329 335 337 334 333 336 338 347 351 351 346 346 346 355 359 360 371 374 376 382 378 378 378 377 376 380 382 380 367 363 367 370 370 370 370 374 383 390 399 406 416 419 424 424 429 434 454 454 452 456 458 457 461 468 475 475 487 490 502 502 509 516 521 528 535 543 543 549 555 558 563
328 327 326 319 319 322 322 333 333 332 330 328 328 325 321 317 319 330 332 332 332 335 335 335 339 334 332 333 339 346 346 350 350 348 348 353 360 363 366 374 377 379 383 380 380 380 380 378 379 378 380 374 371 370 372 372 378 378 382 391 400 405 408 420 425 428 432 432 440 454 454 452 456 459 463 467 475 484 484 496 502 510 510 514 520 526 535 543 552 552 554 557 558 560
323 323 322 320 318 323 323 324 326 323 320 324 324 322 325 327 325 330 331 331 335 339 336 336 335 331 331 339 339 344 343 348 348 361 361 364 368 371 369 377 376 381 381 385 385 385 382 380 381 385 384 382 380 379 377 377 377 377 387 397 405 408 411 418 425 432 438 438 440 453 453 459 464 461 464 469 478 492 492 506 502 510 510 514 520 526 535 543 552 552 554 557 558 560
323 323 322 320 318 323 323 324 326 323 320 324 324 322 325 327 325 330 331 331 335 339 336 336 335 331 331 339 339 344 343 348 348 361 361 364 368 371 369 377 376 381 381 385 385 385 382 380 381 385 384 382 380 379 377 377 377 377 387 397 405 408 411 418 425 432 438 438 440 453 453 459 464 461 464 469 478 492 492 506 502 510 510 514 520 526 535 543 552 552 554 557 558 560
320 320 319 320 320 326 326 319 323 319 323 325 325 325 328 330 329 329 333 333 334 334 330 330 332 332 331 332 339 346 351 357 357 361 361 369 372 368 374 375 380 381 384 385 385 385 384 386 386 386 386 385 384 383 382 383 383 383 387 401 409 415 420 427 425 432 438 438 440 453 453 459 464 461 464 469 478 492 492 506 512 517 517 517 521 530 539 546 555 555 559 562 563 563
320 320 321 322 321 321 321 323 322 321 323 324 324 325 329 329 327 328 331 331 328 331 333 333 332 332 337 338 346 353 359 362 362 371 371 373 372 370 374 376 382 385 385 384 384 384 384 387 386 386 386 385 384 383 382 383 383 383 387 401 409 415 420 427 433 436 442 442 443 460 460 470 473 466 473 478 489 498 498 517 519 519 519 525 530 535 543 552 558 558 564 564 561 560
320 320 321 322 321 321 321 323 322 321 323 324 324 325 329 329 327 328 331 331 328 331 333 333 332 332 337 338 346 353 359 362 362 371 371 373 372 370 374 376 382 385 385 384 384 384 384 387 386 386 386 385 384 383 382 383 383 383 387 401 409 415 420 427 433 436 442 442 443 460 460 470 473 466 473 478 489 498 498 517 519 519 519 525 530 535 543 552 558 558 564 564 561 560
322 322 322 321 324 328 328 328 321 320 320 322 322 323 324 326 328 328 332 332 333 335 335 335 341 340 347 353 357 362 366 370 370 371 373 373 372 370 374 376 382 385 385 384 384 384 384 387 386 390 389 387 385 385 387 390 390 390 394 405 416 425 432 434 434 440 445 445 448 459 459 468 473 475 479 487 494 500 500 517 521 525 525 534 540 543 552 556 559 561 561 560 559 560
328 328 326 331 333 332 332 331 328 328 327 326 326 327 328 330 328 328 332 332 333 335 335 341 341 340 347 353 357 362 366 370 370 373 375 375 376 375 376 382 383 384 384 387 387 391 391 399 403 403 403 400 399 399 402 407 407 407 411 424 423 427 433 443 449 450 451 451 455 463 463 467 472 477 484 494 506 513 524 524 528 532 532 535 538 540 541 547 548 549 549 549 544 542
328 328 326 331 333 332 332 331 328 328 327 326 326 327 328 330 328 328 332 332 333 335 335 341 341 340 347 353 357 362 366 370 370 373 375 375 376 375 376 382 383 384 384 387 387 391 391 399 403 403 403 400 399 399 402 407 407 407 411 424 423 427 433 443 449 450 451 451 455 463 463 467 472 477 484 494 506 513 524 524 528 532 532 535 538 540 541 547 548 549 549 549 544 542
330 330 326 331 333 332 332 331 328 328 327 326 327 327 328 330 328 329 331 331 333 341 346 344 344 347 351 353 360 365 370 377 377 377 378 378 383 383 385 386 392 397 397 399 399 401 401 404 407 406 407 410 415 413 412 416 416 416 418 425 425 428 433 440 443 452 454 453 453 462 462 469 479 486 491 497 508 514 524 524 526 528 528 534 537 538 542 543 543 541 541 538 534 532
